    0.0012   -0.0002    0.0002   -0.0017    0.0023   -0.0000   -0.0021    0.0004    0.0009    0.0041

   -0.0099    0.0059    0.0020    0.0012   -0.0093   -0.0000    0.0214   -0.0225    0.0035   -0.0058

    0.0347   -0.0328   -0.0198    0.0495   -0.0122   -0.0000   -0.1000    0.1967   -0.0868   -0.1950

    0.3500   -0.1950   -0.0868    0.1967   -0.1000   -0.0000   -0.0122    0.0495   -0.0198   -0.0328

    0.0347   -0.0058    0.0035   -0.0225    0.0214   -0.0000   -0.0093    0.0012    0.0020    0.0059

   -0.0099    0.0041    0.0009    0.0004   -0.0021   -0.0000    0.0023   -0.0017    0.0002   -0.0002

    0.0012
