    0.0002    0.0001    0.0008   -0.0002   -0.0028   -0.0020    0.0021    0.0026    0.0000    0.0026

    0.0049   -0.0046   -0.0140   -0.0039    0.0093    0.0037    0.0015    0.0191    0.0146   -0.0285

   -0.0418    0.0015    0.0198   -0.0058    0.0264    0.0974    0.0236   -0.1742   -0.1822    0.0920

    0.2750    0.0920   -0.1822   -0.1742    0.0236    0.0974    0.0264   -0.0058    0.0198    0.0015

   -0.0418   -0.0285    0.0146    0.0191    0.0015    0.0037    0.0093   -0.0039   -0.0140   -0.0046

    0.0049    0.0026    0.0000    0.0026    0.0021   -0.0020   -0.0028   -0.0002    0.0008    0.0001

    0.0002